9.70
7.96
-
18.21
-
71.23
19.63
-
-
15.32
9.65
13.84
12.19
13.40
12.28
-
13.54
11.43
14.13
25.12
6.88
12.76
-
15.14
-
12.58
14.16
-
14.35
14.85
-
12.41
15.12
11.47
12.91
41.37
12.64
12.31
-
14.87
10.62
11.16
27.41
-
-
-
-
10.80
10.65
13.06
11.31
-
13.41
-
10.12
-
-
9.58
12.03
12.18
11.16
12.46
-
27.22
9.53
11.73
10.26
12.22
10.25
10.59
11.85
11.72
12.22
11.15
10.91
26.90
26.94
13.20
13.98
18.30
8.34
12.21
6.53
-
1.85
-
1.77
-
-
5.19
-
-
1.80
1.74
1.88
1.53
1.81
-
3.80
2.06
1.75
1.80
4.30
1.82
1.78
1.92
1.69
-
18.10
1.96
-
4.01
105.64
1.81
-
-
1.78
-
-
-
1.92
-
1.64
-
1.86
1.81
1.66
-
1.86
-
1.80
1.75
1.70
1.75
14.08
-
1.64
1.71
