0.37
0.37
0.37
0.37
0.37
0.37
24.83
5.25
17.26
0.37
0.37
2.76
2.74
0.37
0.37
1.54
0.37
0.37
 - 
0.39
0.38
0.40
4.09
0.39
5.35
0.38
0.38
0.38
0.38
0.38
0.38
0.38
0.38
0.38
0.38
0.38
0.38
0.38
1.57
0.38
0.38
0.38
0.38
4.06
0.38
4.09
0.38
4.04
0.38
0.38
0.38
0.38
0.38
2.82
0.38
0.38
0.38
0.38
1.57
8.03
0.38
0.38
96.66
0.38
0.38
6.78
2.82
4.06
0.38
0.38
0.38
0.38
0.38
0.38
0.38
0.38
0.38
1.57
2.79
0.38
0.38
0.38
0.38
0.38
2.81
0.38
0.38
0.38
0.38
2.81
0.38
0.38
 - 
2.79
0.38
5.32
0.38
0.38
0.38
0.38
10.93
16.86
11.11
32.14
41.81
7.01
 - 
 - 
2.00
 - 
16.35
 - 
283.06
131.34
7.13
221.91
97.55
29.43
1.91
 - 
42.13
15.72
 - 
33.46
 - 
8.68
14.45
156.27
42.97
11.16
 - 
20.88
16.31
1.90
11.29
37.79
213.53
7.11
 - 
5.85
5.77
61.99
46.38
41.40
 - 
 - 
8.62
 - 
18.49
26.56
82.46
23.78
280.84
 - 
20.27
13.12
193.27
10.14
 - 
 - 
7.02
 - 
3.19
1.90
 - 
 - 
231.76
 - 
 - 
7.08
14.04
 - 
1.97
8.43
 - 
94.92
 - 
 - 
6.89
 - 
56.70
8.44
11.25
 - 
11.33
13.74
179.91
26.06
9.59
18.90
176.26
3.13
 - 
11.11
 - 
19.05
94.82
 - 
14.72
4.63
3.45
 - 
8.89
 - 
 - 
7.44
 - 
 - 
16.57
3.42
4.67
3.42
3.42
8.83
 - 
24.17
7.39
3.42
13.12
3.39
3.41
 - 
4.69
 - 
4.70
28.19
 - 
4.67
4.68
 - 
3.44
4.87
4.77
3.43
 - 
7.37
3.42
288.87
6.03
3.40
3.41
23.66
 - 
 - 
 - 
 - 
3.41
3.40
3.42
6.05
 - 
4.69
 - 
3.41
 - 
 - 
3.40
3.41
4.68
3.41
4.74
 - 
10.15
3.40
5.97
3.41
3.41
3.41
6.01
7.35
7.29
7.28
3.40
3.41
 - 
12.92
4.65
5.96
5.93
3.41
5.97
49.32
 - 
 - 
 - 
2.29
 - 
40.10
9.89
 - 
 - 
12.74
1.02
2.17
1.01
2.17
 - 
14.56
2.16
131.60
2.27
15.66
 - 
2.18
1.10
7.34
 - 
 - 
7.44
 - 
6.37
 - 
2.34
 - 
 - 
2.32
 - 
 - 
 - 
2.35
 - 
2.33
 - 
4.63
7.16
2.16
 - 
2.29
147.67
4.86
2.18
1.02
2.17
 - 
 - 
1.12
2.22
