1.32
3.00
22.73
17.85
2.25
2.03
1.06
0.55
0.46
11.35
24.34
27.60
6.83
24.63
74.37
193.70
186.45
160.32
7.63
10.43
6.93
6.54
12.20
263.55
124.21
122.72
197.10
82.56
21.36
13.22
7.58
80.94
179.19
-
-
-
5.66
10.42
3.51
8.86
29.46
-
130.38
-
120.19
27.19
2.89
1.16
27.21
81.99
1.44
72.14
180.88
73.94
13.78
0.78
1.44
0.56
0.77
0.95
0.57
0.76
0.98
0.56
0.82
294.66
6.60
2.49
0.85
1.21
1.55
2.16
81.66
-
0.72
0.50
2.13
1.31
0.71
72.99
-
11.80
0.74
9.94
1.02
0.65
0.74
1.05
0.72
0.68
69.51
6.87
36.91
2.47
1.21
0.80
0.20
0.08
0.20
5.86
10.39
11.58
0.42
0.62
0.75
0.79
0.72
0.17
6.32
4.92
2.69
1.51
0.38
3.34
0.22
0.66
0.40
3.70
24.07
8.14
0.38
0.37
1.94
1.26
1.49
1.60
27.17
0.56
1.36
0.73
0.85
1.76
0.32
0.81
0.32
118.26
95.36
140.03
70.28
57.38
24.60
0.2982
0.4168
0.2737
64.40
-
25.76
21.84
17.26
84.10
23.61
66.73
12.69
114.61
65.56
19.04
6.61
35.79
143.95
23.98
20.13
25.69
49.35
139.31
48.96
27.50
43.19
36.77
48.39
100.79
41.78
167.89
18.83
40.87
10.37
31.43
25.99
73.34
65.65
39.06
-
-
-
0.73
-
130.63
