18.58
9.22
33.03
24.65
8.66
8.15
8.09
8.05
8.06
14.97
101.09
37.70
13.48
-
-
-
-
-
113.10
59.74
26.87
16.59
191.42
-
-
-
-
-
19.62
63.32
26.58
129.67
-
-
-
-
11.43
35.20
9.39
15.14
77.21
-
-
-
-
300.11
28.83
300.15
27.20
103.18
35.71
300.11
300.09
300.16
21.19
26.08
21.53
21.19
27.84
28.60
29.31
31.22
30.70
19.53
18.50
300.15
19.74
21.49
36.07
32.62
31.11
27.28
45.65
300.24
23.07
16.24
29.51
27.55
36.08
24.18
300.14
21.16
24.93
300.14
20.46
25.13
38.99
31.09
35.01
33.30
177.32
177.47
186.40
193.36
171.46
169.71
178.45
172.65
176.41
202.59
170.25
210.13
193.37
172.52
164.48
163.83
164.24
170.51
169.25
175.24
168.00
170.87
176.65
178.48
164.21
170.57
170.25
174.71
181.34
173.23
179.86
164.54
166.16
165.80
168.72
165.40
181.44
179.12
196.05
197.42
196.68
167.22
165.77
165.30
164.27
-
-
-
-
-
-
164.72
197.54
172.78
-
-
197.66
188.98
189.34
172.22
179.26
188.33
170.61
-
179.99
169.07
180.10
183.60
-
179.41
-
222.50
182.54
-
-
-
204.67
171.17
174.02
179.51
273.96
171.78
-
227.95
166.48
195.84
208.34
-
-
212.76
130.10
-
-
8.45
-
-